40262121
40283214
40508527
42428265
40263767
40508601
40263779
49210928
41412814
41390165
41947248
41697230
41719046
41811988
41814636
42066904
41811960
42005033
42485581
42061670
42062241
42062254
42062257
42169611
45604926
42097619
42097667
42984670
42599694
42097692
42738319
42735827
42734601
42742148
42734643
42216924
42864298
45942244
43063220
43063224
43063249
43343718
43209276
43146355
43478326
43275303
43063777
43345904
43267089
43333268
44085369
43283689
43753623
43695751
43677746
43677778
43715448
43752412
43711980
43934124
43752417
43752432
43752468
43899796
43752497
43822806
43822844
44277367
43822882
43822887
44211583
44118341
44198981
44543414
44000994
44543431
44573511
44543492
44615246
44573535
44902467
44573587
44744131
44744349
44744138
45021684
44810352
44573650
44951555
44744173
44803222
44843851
42066904

